21621937
18385797
17927333
17451848
15574388
14371013
12761262
12562260
12323949
12119043
11808144
11450345
10916070
10303119
10025977
9843672
9263827
8949064
8732578
8652600
8437608
8066849
7965408
7646732
7434081
7289299
7171651
6958940
6860539
6769458
6625779
6539217
6430540
6348088
6211736
6083163
5950423
5868131
5768047
5580123
5492892
5264192
5156333
5015388
4798819
4710671
4682169
4511249
4414833
4310367
4204182
4055128
3940968
3879289
3713332
3631494
3557853
3464334
3394034
3306332
3205275
3102889
3037572
2921447
2833698
2774324
2712188
2598134
2540816
2449614
2398513
2317861
2251069
2181218
2102562
2027588
1953542
1863655
1800865
1722323
1630632
1541146
1473032
1388177
1307912
1207717
1103286
992410
881538
789528
675421
579079
485823
382402
264472
169558
103269
65812
44202
