6484442
5890312
5251247
4897999
4572217
4402643
4103330
3976111
3698897
3498903
3416271
3324504
3253207
3125971
3024771
2935690
2784073
2719810
2640568
2571183
2536716
2471823
2397588
2327880
2282532
2242499
2195486
2152230
2099484
2043805
1998940
1956560
1917152
1852852
1811887
1763904
1727857
1687550
1661913
1628075
1598559
1555906
1518334
1489076
1462131
1434794
1409173
1388827
1352841
1314218
1275439
1240838
1213225
1186497
1159432
1137018
1105300
1073219
1051942
1027113
1000001
975177
954089
924974
907451
878201
847764
820452
797505
778881
755939
731328
709830
681093
657620
632165
608650
585505
559830
533699
513316
492958
469674
441758
419667
396445
371839
347777
322166
300986
274314
244138
211185
179038
145409
109372
78377
51237
30869
