31025237
30230296
27227947
23910345
22255615
21833406
20996637
20330981
19974193
19334842
19185722
18733118
17814204
16965077
16508224
15740638
15227402
15031751
14758112
14531346
14412480
14128068
13790185
13126827
12965736
12443172
12331330
11954082
11812010
11578290
11320101
11126275
10826042
10478658
10290415
10049125
9840095
9675051
9596473
9397736
9136922
8897224
8674646
8613467
8493031
8350559
8245819
8111088
7970481
7836599
7659523
7535648
7365505
7227801
6949680
6733685
6622286
6402975
6209041
6085207
5950651
5716457
5559335
5442268
5290650
5179098
5081348
4955225
4831259
4705623
4583775
4426119
4294930
4203763
4101436
3950300
3850814
3696669
3579671
3439094
3344076
3248050
3155738
3015047
2896650
2710944
2567787
2407955
2262917
2124822
1989049
1869527
1679756
1521464
1320706
1113189
902608
691058
434048
