25253130
24606463
23834571
23325660
21747010
20639472
19543739
18495079
17407070
17235584
16782557
16370319
16060574
15686256
14689210
14113620
13996024
13814531
13135782
13019920
12783684
12523451
12438041
12270353
11924201
11762060
11571005
11184831
10998999
10842352
10527443
10207667
9892568
9722120
9581497
9452255
9321597
9275974
8992530
8881570
8671548
8485454
8300092
8114489
7958697
7868708
7651341
7495247
7365703
7297603
7098238
6954360
6850392
6610081
6471368
6357108
6221735
6165704
6081880
5940850
5825283
5653693
5479721
5286399
5153280
5042660
4911979
4832212
4771168
4611336
4471661
4255390
4170133
4054343
3934269
3877086
3669575
3540736
3473350
3367309
3228155
3115998
3003318
2866605
2745873
2583945
2517455
2442797
2282216
2123884
1920684
1750940
1573589
1425828
1253751
1045907
885331
700846
449381
