313872778
313872778
253575691
253575691
253575691
223659724
223659724
219459564
219459564
207830323
207830323
183459904
183459904
158809427
152492234
150000000
150000000
148000000
130959207
129511943
129511943
127586691
127188337
125266648
125019552
124813056
122271213
122271213
121973788
115827363
113833941
111838144
107368535
105256081
104974796
103259738
95429988
90998661
87639848
87094126
86848339
84665765
79930409
79464848
79189298
77937642
77832206
77189315
75871371
75273016
74847401
74704242
73251271
73185574
68629576
67625512
62810531
60834864
60156522
58998412
58193830
55905792
55400399
54911716
53841104
49128602
47614255
46189139
44671146
44606084
43730326
42000000
38824400
37448707
35614324
34934965
34259351
32393724
31279527
29265900
28226162
26620706
25521168
24457539
22635946
20700652
19676962
19079456
17787768
16452443
15258434
13840544
12657741
11347089
10264590
7969930
6000000
4000000
2000000
