259923623
259923623
221833169
221833169
213051547
213051547
203366844
203366844
187859544
187859544
160706247
150499978
150189932
150189932
146032578
139243374
137064263
137064263
131546083
125679535
122127776
111474637
105432134
105225390
104728741
104425447
100278309
99672052
99426578
99228297
99070537
98911569
89463613
88287416
87733431
86066284
83559819
82337010
82186224
81049683
74659530
73725789
71368454
70990062
70143574
67813085
67033592
63512954
62873102
62089328
60433331
60000934
59149327
58204464
57027521
56023781
54410134
53533736
51724934
50682994
47266052
46464058
45207319
44368639
43598826
42774820
42483789
41031969
40494286
39175608
37101297
36105174
35176864
32933211
31584606
31020994
30444400
30074834
29007936
28626349
27501459
26928090
26558280
25818679
22030104
21702634
19494107
17777307
15530555
14020469
12931289
11759524
10642599
8764273
7519137
5557590
4121810
2834999
1511628
