1176172
1034329
929575
863123
802471
768933
727786
690400
660476
637829
616393
597147
578691
560135
545018
527414
514783
499197
486647
473289
462171
451319
438481
430086
420915
409929
401782
392905
384698
375997
368072
359797
351777
343993
336137
327595
320466
313311
306587
299871
292892
285670
279202
272695
267315
260736
255655
250087
245422
239391
234799
229081
223741
218952
214075
208998
204771
199098
194227
189767
184515
179853
174966
170466
165936
161314
156691
152146
147101
141976
137506
133043
128979
124495
119805
115498
111098
106851
102292
97895
93342
88923
84001
79309
74718
69768
64900
59976
54753
49248
43760
38022
31760
25353
18239
10709
5826
2289
738
