6344619
5369389
5049016
4927476
4606450
4330381
4195595
4128545
4049896
3804201
3654145
3517576
3418174
3333108
3245849
3152627
3069125
2982682
2952032
2886211
2783191
2728241
2632575
2587448
2557286
2516413
2469443
2414148
2352008
2322669
2277221
2238057
2192902
2159962
2128921
2079826
2037661
1989018
1943490
1913417
1871522
1848189
1800750
1759451
1729161
1695271
1651450
1622707
1596393
1569151
1547726
1512125
1480733
1451810
1424568
1400962
1369310
1329852
1310893
1281112
1253217
1233808
1196640
1168253
1139124
1119553
1095209
1067467
1035993
1011644
984756
958427
935353
911340
890162
865455
836082
809677
778794
752627
728115
699850
673947
645253
618685
594920
568366
546996
518563
485309
455049
426293
392439
354912
318427
284063
243791
193327
130762
