423617
366445
328726
306129
284190
265691
249748
238595
228217
218421
209742
201715
195488
188399
182180
176591
171179
166208
161416
157376
153113
149567
145537
142008
138794
135085
131556
128374
125485
122332
119352
116440
113725
111155
108693
106190
103681
101436
99275
97014
94825
92600
90494
88427
86372
84390
82370
80397
78474
76629
74829
73070
71422
69678
67906
66225
64411
62864
61166
59616
57966
56422
54825
53300
51797
50313
48930
47355
45822
44344
42886
41452
40000
38614
37154
35686
34320
32890
31365
29890
28429
26934
25395
23829
22270
20667
19016
17288
15497
13707
11836
10034
8381
6866
5536
4404
3355
2429
1605
