248572
215482
196348
182653
171371
162522
155376
148866
143387
138275
133468
129229
125089
121242
117809
114693
111685
108841
106100
103428
100827
98356
96052
93837
91717
89646
87643
85689
83850
82085
80291
78491
76872
75296
73642
72118
70548
69080
67615
66241
64852
63478
62094
60768
59468
58224
57060
55829
54657
53430
52250
51080
49911
48775
47611
46512
45427
44341
43274
42223
41183
40137
39130
38127
37114
36104
35105
34116
33137
32146
31171
30207
29233
28246
27264
26281
25306
24311
23316
22362
21398
20425
19469
18473
17493
16511
15524
14469
13372
12265
11111
9900
9137
8101
7371
6373
4918
3189
1671
