270993
233924
214659
200137
188798
179176
171666
164628
157744
152069
147187
142534
138143
133964
130042
126620
123260
120152
117165
114150
111411
108725
106144
103685
101281
98859
96587
94430
92426
90406
88392
86490
84675
82912
81166
79406
77716
76139
74564
73059
71576
70096
68657
67197
65721
64355
62923
61603
60244
58951
57655
56383
55125
53900
52662
51450
50251
49051
47843
46688
45548
44412
43275
42156
41058
39956
38875
37780
36690
35635
34568
33464
32391
31334
30294
29214
28164
27117
26047
24956
23887
22774
21682
20604
19504
18403
17269
16125
14954
13716
12429
11113
9747
8588
7460
6181
4382
2400
1343
