266886
232171
212199
198353
187633
177897
169789
163073
156980
151603
146506
141680
137603
133508
129664
125973
122548
119342
116410
113745
111252
108743
106363
103870
101640
99373
97283
95240
93274
91464
89553
87570
85700
84019
82303
80611
78987
77423
75805
74227
72747
71281
69905
68459
67124
65801
64448
63076
61758
60424
59162
57868
56622
55435
54263
53085
51928
50746
49601
48476
47318
46221
45153
44021
42913
41836
40792
39667
38594
37508
36432
35408
34376
33350
32315
31245
30214
29169
28112
27066
26016
24981
23911
22832
21769
20691
19620
18521
17410
16285
15103
13879
12596
11267
9864
8719
7588
6364
4258
