16252788
15257080
14074673
13635824
12621019
11988707
11597714
10955582
10587351
10484216
9916952
9770807
9445777
8936034
8866458
8204302
7964625
7723766
7580813
7364382
7069611
6758021
6649945
6458046
6319466
6263896
5930493
5745838
5513572
5424843
5325309
5187438
5058236
4934989
4839780
4717901
4548652
4455523
4401933
4270100
4176977
4104674
4002004
3892786
3807822
3697096
3636328
3538813
3445422
3303565
3255234
3178789
3117134
3034662
2943998
2837272
2773562
2712659
2635243
2554721
2491048
2429971
2353159
2276252
2202753
2142036
2071484
1998205
1921106
1841354
1788902
1722452
1677834
1619482
1546535
1496445
1436675
1371179
1319376
1264383
1227196
1177628
1096278
1025979
967561
927306
867111
804735
739818
688846
623094
557288
492713
428447
350799
280770
208043
124278
55050
